649
3966.0049  0.881701 -0.000399  0.000540  0.006786 
3966.0126  0.846475  0.000283  0.000066  0.000122 
3966.0203  0.813651  0.000288 -0.000384 -0.007262 
3966.0280  0.792036 -0.003020 -0.002930 -0.012616 
3966.0357  0.775740 -0.000907 -0.001504 -0.013864 
3966.0434  0.767889  0.000926 -0.001753 -0.016256 
3966.0511  0.769955  0.000579 -0.001436 -0.018451 
3966.0588  0.780543 -0.000030 -0.001066 -0.019859 
3966.0665  0.799422 -0.000267 -0.001600 -0.022090 
3966.0742  0.824705  0.000740 -0.001294 -0.022524 
3966.0819  0.854998 -0.000238 -0.000673 -0.022119 
3966.0896  0.892832 -0.000963 -0.000307 -0.020174 
3966.0973  0.929968 -0.000639 -0.000564 -0.016722 
3966.1050  0.968758  0.000091 -0.001449 -0.012961 
3966.1127  1.001892 -0.000351 -0.001226 -0.008894 
3966.1204  1.033037 -0.000495 -0.001703 -0.005398 
3966.1281  1.059973  0.000383 -0.000285 -0.001649 
3966.1358  1.082622 -0.000320 -0.001018  0.000579 
3966.1435  1.101732 -0.001144  0.000144  0.003207 
3966.1512  1.116600 -0.001179 -0.000498  0.005044 
3966.1589  1.131910 -0.000508 -0.000838  0.006490 
3966.1666  1.142799 -0.002304 -0.000124  0.008240 
3966.1743  1.153022 -0.000851  0.000525  0.010280 
3966.1820  1.165147 -0.001004  0.000547  0.010488 
3966.1897  1.172950 -0.001114  0.000250  0.011799 
3966.1974  1.176876 -0.002064  0.000220  0.011234 
3966.2051  1.182901 -0.002106  0.000089  0.011354 
3966.2128  1.188926 -0.001193  0.000460  0.010134 
3966.2205  1.193741 -0.001406  0.000847  0.008976 
3966.2282  1.195421 -0.003218 -0.000015  0.007067 
3966.2359  1.199050 -0.002383 -0.000188  0.005983 
3966.2436  1.200927 -0.000781  0.000257  0.004463 
3966.2513  1.201026 -0.000289 -0.000088  0.003253 
3966.2590  1.199174 -0.000796 -0.000192  0.001553 
3966.2667  1.196285 -0.001229 -0.001836  0.001558 
3966.2744  1.195643 -0.001830 -0.000474  0.000562 
3966.2821  1.193396 -0.001083 -0.000298 -0.000090 
3966.2898  1.192680 -0.000669  0.000276  0.000416 
3966.2975  1.190655 -0.000799 -0.000409 -0.000140 
3966.3052  1.185691 -0.001300 -0.000183  0.000574 
3966.3129  1.186235 -0.001959  0.000501  0.000316 
3966.3206  1.181592 -0.002203 -0.000829 -0.000881 
3966.3283  1.180506 -0.001173 -0.000531  0.000045 
3966.3360  1.177592 -0.002024 -0.000467 -0.000079 
3966.3437  1.172999 -0.001326 -0.000448  0.000798 
3966.3514  1.169048 -0.000864 -0.000326  0.001482 
3966.3591  1.165073 -0.001868 -0.000737  0.001107 
3966.3668  1.161764 -0.000871 -0.000138  0.002268 
3966.3745  1.157986 -0.000055 -0.000504  0.001872 
3966.3822  1.154282 -0.000789 -0.000869  0.001271 
3966.3899  1.146948 -0.000362  0.000171  0.001085 
3966.3976  1.136972 -0.000748 -0.000052  0.001586 
3966.4053  1.124477 -0.000628  0.000143 -0.000195 
3966.4130  1.109538 -0.000583 -0.000163  0.000179 
3966.4207  1.087388 -0.001334  0.000096  0.000358 
3966.4284  1.059016 -0.000101 -0.000562 -0.000079 
3966.4361  1.027087 -0.000896 -0.001003  0.000937 
3966.4438  0.992788  0.000114 -0.000819 -0.000199 
3966.4515  0.959601 -0.000493 -0.000335 -0.000793 
3966.4592  0.931154 -0.001665 -0.000193 -0.001745 
3966.4669  0.911548 -0.000231 -0.000727 -0.001559 
3966.4746  0.900115  0.000288 -0.000274 -0.000885 
3966.4823  0.898263  0.000841  0.000568 -0.000205 
3966.4900  0.903819 -0.000195 -0.000868  0.000087 
3966.4977  0.914462 -0.000227 -0.000877 -0.000207 
3966.5054  0.930586  0.000114 -0.000483  0.001246 
3966.5131  0.941476 -0.001213 -0.000443  0.000780 
3966.5208  0.949403 -0.000238  0.000444  0.004229 
3966.5285  0.951378 -0.001029  0.000424  0.006426 
3966.5362  0.943476 -0.001418  0.000060  0.010066 
3966.5439  0.927228 -0.002019  0.000468  0.012062 
3966.5516  0.905646 -0.002158  0.000682  0.010994 
3966.5593  0.878756 -0.002255  0.000341  0.010729 
3966.5670  0.848161 -0.001760 -0.000307  0.008265 
3966.5747  0.819961 -0.000092  0.000134  0.003679 
3966.5824  0.794799 -0.001891 -0.000744 -0.000806 
3966.5901  0.773908 -0.000186 -0.000184 -0.004798 
3966.5978  0.761636  0.000200  0.000080 -0.007901 
3966.6055  0.759339  0.001174 -0.000334 -0.009780 
3966.6132  0.764772  0.001387 -0.000821 -0.011929 
3966.6209  0.779143  0.002455 -0.000749 -0.012380 
3966.6286  0.800626  0.001719 -0.001293 -0.013717 
3966.6363  0.828258  0.000773  0.000188 -0.012443 
3966.6440  0.857840 -0.000008 -0.001288 -0.011339 
3966.6517  0.889028  0.000161 -0.001083 -0.009478 
3966.6594  0.920240  0.001279 -0.000761 -0.007477 
3966.6671  0.945230  0.000999  0.000066 -0.003682 
3966.6748  0.967527  0.000525  0.000319 -0.001478 
3966.6825  0.986813  0.000288 -0.000390 -0.000931 
3966.6902  1.001283  0.000199 -0.000088 -0.000478 
3966.6979  1.008617 -0.000469 -0.000711  0.000915 
3966.7056  1.017580  0.000174 -0.000097  0.001544 
3966.7133  1.022445 -0.000813  0.000183  0.002135 
3966.7210  1.024396  0.000040 -0.000326  0.002819 
3966.7287  1.023877  0.000542  0.000137  0.003694 
3966.7364  1.023161  0.000383  0.000427  0.005056 
3966.7441  1.020297 -0.000352  0.000704  0.004232 
3966.7518  1.013012  0.000799  0.000206  0.004937 
3966.7595  1.007185  0.000467 -0.000147  0.005837 
3966.7672  1.001530 -0.000430  0.000578  0.004633 
3966.7749  0.997283  0.000254 -0.000424  0.003138 
3966.7826  0.995727  0.000320  0.000722  0.001496 
3966.7903  0.997406  0.000070  0.000403  0.000765 
3966.7980  1.001184  0.000723 -0.000266  0.000166 
3966.8057  1.006222  0.001602 -0.000507  0.000228 
3966.8134  1.012790 -0.000026  0.000496 -0.001286 
3966.8211  1.019902 -0.000004 -0.000842 -0.000877 
3966.8288  1.026742  0.000496  0.000240 -0.000727 
3966.8365  1.028890 -0.000181  0.000310 -0.001296 
3966.8442  1.032989 -0.000465 -0.000038 -0.000566 
3966.8519  1.036891 -0.000004 -0.000425 -0.000809 
3966.8596  1.037261  0.000939 -0.000624 -0.000106 
3966.8673  1.037952  0.000030  0.000397  0.000490 
3966.8750  1.037903 -0.000109  0.000141  0.000340 
3966.8827  1.038175  0.000312  0.000609  0.000816 
3966.8904  1.038940  0.000538  0.000478  0.000299 
3966.8981  1.038446  0.000426  0.000237 -0.000823 
3966.9058  1.037137  0.000125  0.000500 -0.001440 
3966.9135  1.035532  0.000717  0.000186 -0.000101 
3966.9212  1.034446 -0.000960  0.000005 -0.000155 
3966.9289  1.032989  0.000077  0.000788 -0.000717 
3966.9366  1.033779  0.001365  0.000187 -0.000187 
3966.9443  1.031211  0.000599 -0.000470 -0.000858 
3966.9520  1.029631  0.000548  0.000279 -0.000977 
3966.9597  1.027729  0.000049  0.000524 -0.001356 
3966.9674  1.027729  0.000414  0.001104  0.000005 
3966.9751  1.023976  0.000193  0.000275  0.000359 
3966.9828  1.024322  0.000587 -0.000065 -0.000320 
3966.9905  1.020939  0.000932 -0.000654 -0.000970 
3966.9982  1.019926 -0.000067 -0.000185 -0.001488 
3967.0059  1.018173 -0.000392  0.000445  0.000369 
3967.0136  1.018395  0.000565 -0.000483  0.000262 
3967.0213  1.015753 -0.000340 -0.000592 -0.001122 
3967.0290  1.011679  0.000044  0.000341 -0.000153 
3967.0367  1.011580  0.000095  0.000100 -0.000227 
3967.0444  1.010074  0.000026  0.000069 -0.000184 
3967.0521  1.009679  0.000600  0.000435 -0.000918 
3967.0598  1.008567  0.000794 -0.000186 -0.001403 
3967.0675  1.006641  0.000713 -0.000699  0.000043 
3967.0752  1.005629  0.000276  0.000094 -0.000269 
3967.0829  1.002888 -0.000036  0.000411 -0.000454 
3967.0906  1.003777  0.000615  0.000133 -0.000366 
3967.0983  1.003752  0.001081 -0.000026 -0.000203 
3967.1060  1.000616  0.000354 -0.000701 -0.000334 
3967.1137  1.000616  0.000502 -0.000368 -0.000343 
3967.1214  0.999530 -0.001041  0.000237 -0.000202 
3967.1291  0.998986 -0.000298  0.000140 -0.000504 
3967.1368  0.998715  0.001213  0.000040 -0.000589 
3967.1445  0.996147 -0.000595  0.000348  0.000361 
3967.1522  0.995060  0.000348  0.000537 -0.000071 
3967.1599  0.996147  0.000480  0.000316 -0.000123 
3967.1676  0.993850  0.000322  0.000182 -0.001333 
3967.1753  0.993924  0.000918 -0.000535 -0.000316 
3967.1830  0.992245 -0.000096 -0.000276 -0.000997 
3967.1907  0.991282  0.000760 -0.000402 -0.000575 
3967.1984  0.990517  0.000882 -0.000612  0.000128 
3967.2061  0.991924 -0.000105  0.000077 -0.000528 
3967.2138  0.990764  0.001271  0.000200 -0.000701 
3967.2215  0.988294 -0.000271  0.000502  0.000541 
3967.2292  0.989529  0.000911  0.000999 -0.001239 
3967.2369  0.988961  0.000644  0.001424 -0.001734 
3967.2446  0.986936  0.000215  0.000122 -0.001518 
3967.2523  0.988097  0.000473  0.000354 -0.001170 
3967.2600  0.986640  0.000223  0.000232  0.000029 
3967.2677  0.985504  0.000181  0.000445 -0.000845 
3967.2754  0.984220  0.000439  0.000944 -0.000802 
3967.2831  0.985652  0.001053  0.000025 -0.001210 
3967.2908  0.984961  0.001177  0.000289 -0.001533 
3967.2985  0.982368  0.001067  0.000450 -0.001263 
3967.3062  0.980886  0.000286  0.000242 -0.001705 
3967.3139  0.978491  0.000126  0.000754 -0.000906 
3967.3216  0.973528  0.000460 -0.000023  0.000281 
3967.3293  0.967182  0.000862 -0.000048  0.000160 
3967.3370  0.959255  0.000914 -0.000473  0.000989 
3967.3447  0.944958  0.000145  0.000536  0.001836 
3967.3524  0.928809 -0.000258  0.000639  0.002714 
3967.3601  0.910955 -0.000534  0.000596  0.002070 
3967.3678  0.894954 -0.000025  0.000836  0.000583 
3967.3755  0.879620 -0.000765 -0.000251 -0.000578 
3967.3832  0.866236  0.000280  0.000320 -0.002537 
3967.3909  0.856902 -0.000017  0.000078 -0.005120 
3967.3986  0.856334  0.000171 -0.000261 -0.005971 
3967.4063  0.860137  0.000558  0.000328 -0.006734 
3967.4140  0.866878  0.000786  0.000640 -0.007722 
3967.4217  0.881126  0.000216  0.000054 -0.006470 
3967.4294  0.896263  0.000978  0.000422 -0.005154 
3967.4371  0.908239  0.000330  0.000103 -0.005201 
3967.4448  0.921252  0.000040 -0.000852 -0.003000 
3967.4525  0.934636  0.000796  0.000646 -0.000163 
3967.4602  0.947032  0.001104  0.001159 -0.000534 
3967.4679  0.955230  0.000735  0.000878 -0.001727 
3967.4756  0.962934  0.000733  0.000535 -0.000405 
3967.4833  0.969207  0.001234 -0.000593 -0.000163 
3967.4910  0.975577  0.000890  0.000698 -0.001369 
3967.4987  0.980714  0.001221  0.000149 -0.000242 
3967.5064  0.983973 -0.000162  0.000454 -0.001460 
3967.5141  0.988492  0.000162 -0.000128 -0.000928 
3967.5218  0.992616  0.000722  0.000644 -0.000234 
3967.5295  0.995875 -0.000337  0.001121 -0.000501 
3967.5372  1.001999  0.000535  0.000450 -0.001006 
3967.5449  1.005975  0.001159  0.000461 -0.001338 
3967.5526  1.009506  0.000267 -0.000887 -0.000450 
3967.5603  1.012889  0.000210  0.000187 -0.000426 
3967.5680  1.017457  0.000358  0.000312 -0.000726 
3967.5757  1.021729 -0.000730  0.000030 -0.001512 
3967.5834  1.026223  0.000087  0.000437 -0.002136 
3967.5911  1.029680 -0.000066  0.000257 -0.001184 
3967.5988  1.032396 -0.000043  0.000190 -0.000707 
3967.6065  1.039137  0.000195  0.000439 -0.001849 
3967.6142  1.041113 -0.000215 -0.000548 -0.001556 
3967.6219  1.044298  0.000256  0.000374 -0.001879 
3967.6296  1.050003  0.000909  0.000587 -0.002665 
3967.6373  1.052595  0.000528  0.001479 -0.002015 
3967.6450  1.055879 -0.000757  0.000305 -0.002619 
3967.6527  1.060472 -0.001000  0.000432 -0.002952 
3967.6604  1.065090  0.001301 -0.000154 -0.002356 
3967.6681  1.071214  0.001502  0.000213 -0.001869 
3967.6758  1.075362  0.000554  0.000344 -0.002332 
3967.6835  1.080326  0.000683  0.000906 -0.002741 
3967.6912  1.084647  0.000326  0.000541 -0.002945 
3967.6989  1.090154 -0.000837  0.000641 -0.003009 
3967.7066  1.097685  0.000883  0.000709 -0.002403 
3967.7143  1.102401  0.000943  0.000353 -0.002099 
3967.7220  1.109834  0.000793  0.000104 -0.003232 
3967.7297  1.115884  0.000586  0.000660 -0.002335 
3967.7374  1.122428  0.001554  0.000962 -0.003458 
3967.7451  1.128477  0.000879  0.000312 -0.002399 
3967.7528  1.138626 -0.000196  0.000034 -0.001771 
3967.7605  1.145293  0.000804  0.000940 -0.002830 
3967.7682  1.152380  0.001127  0.001088 -0.003909 
3967.7759  1.159146  0.001468  0.001141 -0.003510 
3967.7836  1.167740  0.001421 -0.000076 -0.003132 
3967.7913  1.176333  0.000941  0.001057 -0.002884 
3967.7990  1.182802  0.001368  0.001660 -0.002754 
3967.8067  1.190630  0.001731 -0.000078 -0.001858 
3967.8144  1.201273  0.000499 -0.000050 -0.002129 
3967.8221  1.209372  0.002027  0.000062 -0.002702 
3967.8298  1.216187  0.000098 -0.000211 -0.002757 
3967.8375  1.226954  0.001430  0.000645 -0.003050 
3967.8452  1.237078  0.002025  0.000696 -0.002846 
3967.8529  1.243696  0.001420  0.000504 -0.003107 
3967.8606  1.253573  0.002176  0.000271 -0.002299 
3967.8683  1.262537  0.001651  0.000409 -0.002290 
3967.8760  1.270142  0.001123  0.001850 -0.001352 
3967.8837  1.276365  0.001722  0.000903 -0.001991 
3967.8914  1.280982  0.002515  0.000138 -0.001961 
3967.8991  1.287872  0.001615  0.001264 -0.001639 
3967.9068  1.292959  0.001351  0.001639 -0.001079 
3967.9145  1.299873  0.001374  0.000491 -0.002432 
3967.9222  1.306120  0.002082  0.000076 -0.001343 
3967.9299  1.313874  0.001625  0.001179 -0.003333 
3967.9376  1.325035  0.001034  0.001553 -0.004946 
3967.9453  1.334838  0.001033  0.002081 -0.002779 
3967.9530  1.350592  0.000836  0.002007 -0.004199 
3967.9607  1.364223  0.001311  0.001598 -0.004560 
3967.9684  1.378249  0.000809  0.000433 -0.004057 
3967.9761  1.390422  0.001257  0.000441 -0.003425 
3967.9838  1.402966  0.000265  0.001438 -0.004143 
3967.9915  1.415190  0.000519  0.000628 -0.003306 
3967.9992  1.429438  0.002008  0.001659 -0.003993 
3968.0069  1.444821  0.002614  0.000734 -0.002812 
3968.0146  1.457810  0.002749  0.000929 -0.002624 
3968.0223  1.466848  0.000701  0.001647 -0.002802 
3968.0300  1.480874  0.000615  0.001179 -0.001740 
3968.0377  1.493813  0.001412  0.001308 -0.001553 
3968.0454  1.506604  0.000955  0.000993 -0.001517 
3968.0531  1.520654  0.001531 -0.000490 -0.002756 
3968.0608  1.533741  0.000542  0.000298 -0.002472 
3968.0685  1.545076  0.000716  0.000555 -0.002588 
3968.0762  1.567398  0.001949  0.000787 -0.002448 
3968.0839  1.577572  0.001469  0.001656 -0.002154 
3968.0916  1.587153  0.001161  0.001635 -0.003155 
3968.0993  1.606068  0.000577  0.001089 -0.004268 
3968.1070  1.622390  0.000675  0.001024 -0.003544 
3968.1147  1.638465  0.000839  0.000253 -0.002875 
3968.1224  1.649943  0.001056  0.000982 -0.002616 
3968.1301  1.667692  0.000582 -0.000074 -0.003535 
3968.1378  1.682837  0.000273 -0.000058 -0.004546 
3968.1455  1.692007  0.000940  0.000177 -0.005014 
3968.1532  1.706531  0.000342  0.000336 -0.004140 
3968.1609  1.716323 -0.000883  0.000950 -0.004945 
3968.1686  1.725818  0.000296  0.000789 -0.004548 
3968.1763  1.730847  0.000564  0.001282 -0.005199 
3968.1840  1.733746 -0.000523  0.000580 -0.006174 
3968.1917  1.733361 -0.000220  0.001445 -0.005457 
3968.1994  1.725020  0.000029  0.000966 -0.005103 
3968.2071  1.712329  0.001420  0.000397 -0.005795 
3968.2148  1.692362  0.000409  0.001655 -0.004895 
3968.2225  1.674998 -0.000195  0.000398 -0.003954 
3968.2302  1.636040  0.000935  0.001168 -0.004917 
3968.2379  1.589242 -0.000272  0.000870 -0.006048 
3968.2456  1.543185 -0.000653  0.000461 -0.003929 
3968.2533  1.485295 -0.000349  0.001448 -0.003921 
3968.2610  1.423322 -0.000168  0.000883 -0.004583 
3968.2687  1.356233 -0.000476  0.001184 -0.002713 
3968.2764  1.286569  0.000386  0.001025 -0.002827 
3968.2841  1.218237  0.002149  0.002353 -0.001332 
3968.2918  1.149727  0.001637  0.001940 -0.001648 
3968.2995  1.084383  0.001259  0.000732 -0.001415 
3968.3072  1.022114  0.002771  0.001660 -0.000876 
3968.3149  0.964195  0.003164  0.001127 -0.001287 
3968.3226  0.911422  0.002956  0.001419 -0.001059 
3968.3303  0.864004  0.002289  0.001332 -0.001016 
3968.3380  0.822206  0.001421  0.000463 -0.000803 
3968.3457  0.785141  0.000164  0.000014 -0.000724 
3968.3534  0.754228  0.001777  0.000242 -0.001077 
3968.3611  0.724973  0.001562  0.000201 -0.001319 
3968.3688  0.703940  0.001710  0.000434 -0.001127 
3968.3765  0.687848  0.002485  0.000396 -0.000858 
3968.3842  0.673206  0.002516  0.000860 -0.000843 
3968.3919  0.661965  0.001966  0.000524 -0.000679 
3968.3996  0.654658  0.002229  0.001338 -0.000374 
3968.4073  0.650192  0.002699  0.000894 -0.000244 
3968.4150  0.649068  0.002068  0.000402 -0.000769 
3968.4227  0.649511  0.001316  0.000350 -0.000582 
3968.4304  0.653357  0.001824  0.000594 -0.000805 
3968.4381  0.655191  0.001057 -0.000026 -0.000762 
3968.4458  0.664124  0.000886 -0.000304 -0.000521 
3968.4535  0.675927  0.002831  0.000418 -0.000424 
3968.4612  0.688381  0.001732  0.000349 -0.000696 
3968.4689  0.703970  0.001637  0.000357 -0.000257 
3968.4766  0.721423  0.002357  0.001265  0.000486 
3968.4843  0.744230  0.001427  0.001413  0.000042 
3968.4920  0.766682  0.001778  0.001015 -0.000605 
3968.4997  0.797476  0.001900  0.000999 -0.000527 
3968.5074  0.825726  0.001860  0.000914 -0.000600 
3968.5151  0.855543  0.002856  0.000647 -0.001490 
3968.5228  0.890479  0.001390  0.001092 -0.001122 
3968.5305  0.928254  0.001430  0.000440 -0.001053 
3968.5382  0.966946  0.001988  0.001269 -0.001698 
3968.5459  1.008832  0.000183 -0.000167 -0.001389 
3968.5536  1.051962  0.001327  0.001072 -0.001959 
3968.5613  1.096599  0.001384  0.000325 -0.002795 
3968.5690  1.145527  0.000805 -0.000630 -0.002740 
3968.5767  1.188892  0.000135  0.000640 -0.001876 
3968.5844  1.230483  0.000330 -0.000267 -0.003242 
3968.5921  1.270092  0.000849 -0.000642 -0.003812 
3968.5998  1.306507  0.000056 -0.000870 -0.003472 
3968.6075  1.337626  0.000542 -0.000244 -0.003547 
3968.6152  1.364545  0.000187  0.000466 -0.002455 
3968.6229  1.385725  0.001080  0.000380 -0.000656 
3968.6306  1.402911  0.000476 -0.000022 -0.001073 
3968.6383  1.416903  0.000203  0.001350  0.000621 
3968.6460  1.419418  0.001120  0.000846  0.002173 
3968.6537  1.423707  0.001291 -0.000079  0.003663 
3968.6614  1.425423  0.001799  0.000714  0.006358 
3968.6691  1.426990  0.000883  0.000591  0.007932 
3968.6768  1.424979  0.002299  0.000611  0.010764 
3968.6845  1.419891  0.001700  0.001504  0.011652 
3968.6922  1.414389  0.001043  0.000753  0.010045 
3968.6999  1.408916  0.001592  0.001438  0.010680 
3968.7076  1.402645 -0.000017  0.002012  0.010429 
3968.7153  1.396315  0.002231  0.000900  0.007855 
3968.7230  1.388180  0.000793  0.000693  0.007586 
3968.7307  1.376348  0.000629  0.001304  0.005570 
3968.7384  1.364781  0.001887  0.001444  0.004500 
3968.7461  1.353008  0.001482  0.000907  0.003207 
3968.7538  1.341797  0.001410  0.002271  0.003472 
3968.7615  1.329757  0.002188  0.001919  0.003036 
3968.7692  1.317067  0.001916  0.001225  0.001541 
3968.7769  1.304998  0.001751  0.001296  0.001899 
3968.7846  1.293639  0.001865  0.001208  0.001442 
3968.7923  1.281008  0.001684  0.000384  0.001048 
3968.8000  1.270625  0.002110  0.000001 -0.000775 
3968.8077  1.258852  0.001743 -0.000094 -0.000355 
3968.8154  1.248202  0.001155  0.000431 -0.000639 
3968.8231  1.237997  0.001333  0.000632 -0.000138 
3968.8308  1.232347  0.001257  0.000238 -0.000663 
3968.8385  1.220307  0.001295  0.001187 -0.000435 
3968.8462  1.211344  0.002488  0.002433 -0.001066 
3968.8539  1.204896  0.002761  0.001146 -0.000713 
3968.8616  1.196258  0.002158  0.000797 -0.000163 
3968.8693  1.189662  0.001566  0.000913 -0.000013 
3968.8770  1.182444  0.001851  0.000572 -0.000626 
3968.8847  1.176409  0.002567  0.000333 -0.001240 
3968.8924  1.170020  0.002128  0.001048 -0.001100 
3968.9001  1.165553  0.002503  0.000669 -0.001299 
3968.9078  1.160228  0.002006  0.000629 -0.001496 
3968.9155  1.155910  0.002020  0.000241 -0.000808 
3968.9232  1.151768  0.001484  0.001156 -0.001231 
3968.9309  1.148248  0.001532  0.001126 -0.000921 
3968.9386  1.145645  0.003253  0.001000  0.000070 
3968.9463  1.142036  0.001011  0.000539 -0.001210 
3968.9540  1.138752  0.001715  0.000318 -0.001216 
3968.9617  1.136416  0.001996  0.001189 -0.001916 
3968.9694  1.133517  0.001407  0.000440 -0.001067 
3968.9771  1.130470  0.000762  0.000221 -0.001929 
3968.9848  1.128932  0.000479  0.000312 -0.002365 
3968.9925  1.125559  0.001356  0.000718 -0.002493 
3969.0002  1.123785  0.002190  0.000597 -0.001544 
3969.0079  1.120353  0.001932 -0.000113 -0.000663 
3969.0156  1.122424  0.001387  0.000307 -0.000555 
3969.0233  1.119259  0.001036  0.000600 -0.001742 
3969.0310  1.115088  0.001505  0.000680 -0.001869 
3969.0387  1.113786  0.001548  0.000965 -0.002010 
3969.0464  1.112485  0.001405  0.001168 -0.002212 
3969.0541  1.112277  0.000613  0.001144 -0.001346 
3969.0618  1.108964  0.001098  0.001935 -0.001861 
3969.0695  1.107781  0.001143  0.000479 -0.002409 
3969.0772  1.106273  0.001516  0.000241 -0.001531 
3969.0849  1.102042  0.001042  0.000224 -0.002004 
3969.0926  1.101480  0.000656 -0.000029 -0.001310 
3969.1003  1.099084  0.001730  0.000728 -0.000858 
3969.1080  1.094440  0.000717  0.000577 -0.000403 
3969.1157  1.092192  0.000313  0.000141 -0.000736 
3969.1234  1.086453  0.001256  0.000901 -0.000614 
3969.1311  1.080596  0.001242  0.000914  0.000129 
3969.1388  1.069976  0.000498  0.000841  0.001012 
3969.1465  1.057641 -0.000353  0.000444  0.002113 
3969.1542  1.041046 -0.000036  0.001239  0.003088 
3969.1619  1.020724 -0.000198  0.000607  0.002399 
3969.1696  0.997799  0.000820  0.000516  0.000982 
3969.1773  0.970407  0.000417  0.000810 -0.001590 
3969.1850  0.942571  0.000721  0.000026 -0.004343 
3969.1927  0.913345  0.000909  0.000043 -0.006665 
3969.2004  0.883261  0.000971 -0.000764 -0.009342 
3969.2081  0.854745  0.000850 -0.001299 -0.012582 
3969.2158  0.829394  0.000072 -0.000417 -0.014502 
3969.2235  0.806675  0.000686 -0.001017 -0.013828 
3969.2312  0.790524  0.001378 -0.000693 -0.013960 
3969.2389  0.776621 -0.000079 -0.001269 -0.013209 
3969.2466  0.770439  0.000207 -0.001231 -0.011137 
3969.2543  0.771444 -0.000401 -0.000454 -0.011564 
3969.2620  0.777656  0.000144 -0.000155 -0.010808 
3969.2697  0.788868  0.001140 -0.000564 -0.009970 
3969.2774  0.808717  0.000306 -0.001091 -0.008485 
3969.2851  0.829483  0.001198 -0.000732 -0.007319 
3969.2928  0.851284  0.001956 -0.000207 -0.005400 
3969.3005  0.873647  0.000940  0.000574 -0.003901 
3969.3082  0.897430  0.002028  0.000491 -0.002568 
3969.3159  0.920711  0.001825  0.001286 -0.001011 
3969.3236  0.942393  0.000815  0.001093 -0.001213 
3969.3313  0.960320  0.001341  0.000643 -0.000349 
3969.3390  0.975465  0.000748  0.000588 -0.000764 
3969.3467  0.991705  0.001495  0.000288 -0.000397 
3969.3544  1.006289  0.001925  0.000366  0.000463 
3969.3621  1.020339  0.001521  0.000717  0.001139 
3969.3698  1.033414  0.001348  0.000803  0.001328 
3969.3775  1.044241  0.000340  0.000234  0.002683 
3969.3852  1.056635  0.001761  0.000555  0.004615 
3969.3929  1.067521  0.002173  0.000522  0.006570 
3969.4006  1.080655  0.000633  0.000377  0.009010 
3969.4083  1.091482 -0.000087  0.000806  0.011383 
3969.4160  1.103817 -0.000541 -0.000092  0.012937 
3969.4237  1.116774 -0.000199  0.001803  0.011882 
3969.4314  1.127630  0.000096  0.001559  0.012553 
3969.4391  1.137451 -0.000245  0.000884  0.010963 
3969.4468  1.147449  0.000190  0.001057  0.008334 
3969.4545  1.154046  0.000010  0.001120  0.006129 
3969.4622  1.161678  0.000392  0.000116  0.003219 
3969.4699  1.164606 -0.000605  0.000158  0.001460 
3969.4776  1.166559 -0.000512  0.001413  0.000630 
3969.4853  1.169191  0.000012  0.000303 -0.000569 
3969.4930  1.169546  0.000332  0.000528  0.000458 
3969.5007  1.172682  0.000829  0.000481 -0.000629 
3969.5084  1.173185  0.000442 -0.000176 -0.000865 
3969.5161  1.172445 -0.001080 -0.000138 -0.001171 
3969.5238  1.173895 -0.000948 -0.000048 -0.000339 
3969.5315  1.173954 -0.000328 -0.000766  0.000719 
3969.5392  1.172859  0.000334 -0.000640  0.000792 
3969.5469  1.170641  0.000517  0.000398  0.000857 
3969.5546  1.165198 -0.000325  0.001007  0.000389 
3969.5623  1.159223 -0.000248  0.000651  0.001441 
3969.5700  1.152863 -0.000411  0.000526  0.001250 
3969.5777  1.143574  0.000054 -0.000879  0.000617 
3969.5854  1.137747 -0.000732 -0.000474 -0.000573 
3969.5931  1.133576 -0.000835  0.000197 -0.001125 
3969.6008  1.130322 -0.000430 -0.000577 -0.001974 
3969.6085  1.130144 -0.001033 -0.000135 -0.002157 
3969.6162  1.134345 -0.000162  0.000115 -0.002269 
3969.6239  1.140143 -0.000444 -0.000039 -0.001722 
3969.6316  1.146651 -0.000849  0.000564 -0.002145 
3969.6393  1.153365  0.000818 -0.000376 -0.001978 
3969.6470  1.157773  0.000163 -0.000152 -0.000868 
3969.6547  1.159844 -0.001045  0.000377  0.000482 
3969.6624  1.162033 -0.000844 -0.000051  0.001474 
3969.6701  1.160081 -0.001216 -0.000042  0.001702 
3969.6778  1.155880 -0.001521 -0.000315  0.001874 
3969.6855  1.150762 -0.001831  0.000936  0.001274 
3969.6932  1.143840 -0.000750 -0.000015  0.001259 
3969.7009  1.137599 -0.000763 -0.001019  0.000570 
3969.7086  1.132452 -0.001714 -0.000964 -0.001273 
3969.7163  1.129878 -0.001094 -0.000682 -0.003112 
3969.7240  1.131949 -0.000661  0.000052 -0.003810 
3969.7317  1.134907 -0.000499 -0.000701 -0.004480 
3969.7394  1.140172 -0.001616 -0.001040 -0.005043 
3969.7471  1.148278 -0.001092 -0.000095 -0.005797 
3969.7548  1.155821 -0.000040 -0.000984 -0.003911 
3969.7625  1.163334 -0.000335 -0.000692 -0.003064 
3969.7702  1.168689 -0.001048 -0.000479 -0.002782 
3969.7779  1.172268 -0.001341 -0.001214 -0.001264 
3969.7856  1.175196  0.000036 -0.000814 -0.001791 
3969.7933  1.174723  0.000474  0.000152 -0.001373 
3969.8010  1.173303  0.000684 -0.000671  0.000239 
3969.8087  1.168038 -0.000439 -0.000872 -0.001277 
3969.8164  1.163186 -0.001304  0.000571 -0.001022 
3969.8241  1.158483 -0.000748 -0.000104 -0.001225 
3969.8318  1.149343 -0.000970  0.000532 -0.002120 
3969.8395  1.139817 -0.001012  0.000590 -0.001261 
3969.8472  1.129553 -0.000651 -0.000692 -0.001674 
3969.8549  1.117306 -0.000323 -0.000102 -0.001684 
3969.8626  1.105089 -0.000648 -0.000397 -0.001714 
3969.8703  1.091157 -0.000775  0.000177 -0.001822 
3969.8780  1.078082  0.000287  0.000141 -0.001646 
3969.8857  1.065273  0.001117  0.000553 -0.001429 
3969.8934  1.048560  0.000511  0.000229 -0.001997 
3969.9011  1.033799  0.000254 -0.000179 -0.001531 
3969.9088  1.018860  0.000574  0.000745 -0.001145 
3969.9165  1.001319 -0.000468  0.000157 -0.001608 
3969.9242  0.985523  0.000553  0.000097 -0.001393 
3969.9319  0.971294  0.000331  0.000088 -0.002149 
3969.9396  0.956770  0.001089  0.000231 -0.000999 
3969.9473  0.942512  0.000959 -0.000001 -0.000298 
3969.9550  0.927366 -0.000106 -0.000133 -0.001703 
3969.9627  0.914321  0.000350  0.000200 -0.001056 
3969.9704  0.902400 -0.000481  0.000276 -0.001888 
3969.9781  0.892254  0.001053 -0.000382 -0.001585 
3969.9858  0.881634  0.002184 -0.000276 -0.001676 
3969.9935  0.873440  0.001991  0.000222 -0.001612 
3970.0012  0.864063  0.001427  0.000222 -0.001330 
3970.0089  0.857437  0.000417 -0.000016 -0.001513 
3970.0166  0.851550  0.001325  0.000592 -0.001648 
3970.0243  0.848414  0.001506  0.000584 -0.001097 
3970.0320  0.842143  0.001123  0.000706 -0.000334 
3970.0397  0.839984  0.000878  0.000215 -0.001253 
3970.0474  0.838061  0.000510  0.000108 -0.001327 
3970.0551  0.836759  0.001556 -0.000104 -0.001739 
3970.0628  0.839629  0.000783  0.000238 -0.001602 
3970.0705  0.839954  0.001492  0.000232 -0.001315 
3970.0782  0.843267  0.001446 -0.000316 -0.000935 
3970.0859  0.846077  0.001023 -0.000122 -0.001899 
3970.0936  0.851035  0.001517 -0.000135 -0.001897 
3970.1013  0.856704  0.000704 -0.000517 -0.001065 
3970.1090  0.862296  0.000541 -0.000671 -0.001656 
3970.1167  0.873672  0.001186  0.000592 -0.001109 
3970.1244  0.879341  0.000479 -0.000077 -0.001198 
3970.1321  0.889600  0.000368 -0.000753 -0.000754 
3970.1398  0.900282  0.001623  0.000269 -0.001029 
3970.1475  0.910733 -0.000434 -0.000642 -0.000672 
3970.1552  0.922283  0.000716 -0.000096 -0.001292 
3970.1629  0.933717  0.000311  0.000241 -0.000992 
3970.1706  0.946540 -0.000238 -0.000753 -0.000097 
3970.1783  0.956258  0.000187 -0.000308 -0.000038 
3970.1860  0.965957  0.000023 -0.000756  0.000758 
3970.1937  0.973361  0.000341 -0.000089  0.002000 
3970.2014  0.980303 -0.000815  0.000277  0.001638 
3970.2091  0.986743 -0.000711 -0.000174  0.001952 
3970.2168  0.994822 -0.000264 -0.000336  0.001630 
3970.2245  1.001513 -0.001090 -0.000617  0.000820 
3970.2322  1.010807 -0.001330 -0.000657 -0.001827 
3970.2399  1.023707 -0.000724 -0.001047 -0.003651 
3970.2476  1.039055 -0.000751 -0.000598 -0.002980 
3970.2553  1.056563 -0.000883 -0.000929 -0.004037 
3970.2630  1.076520 -0.001639 -0.000669 -0.003648 
3970.2707  1.099389 -0.001286 -0.000712 -0.002477 
3970.2784  1.118941 -0.001306 -0.001575 -0.000740 
3970.2861  1.140402 -0.001044 -0.001142  0.000906 
3970.2938  1.155615 -0.000881  0.000523  0.002516 
3970.3015  1.168824 -0.001451  0.000336  0.005929 
3970.3092  1.177771  0.000004  0.000291  0.008147 
3970.3169  1.180856  0.000005  0.000112  0.010757 
3970.3246  1.179834 -0.001310  0.000170  0.012577 
3970.3323  1.171408 -0.001683  0.000564  0.011683 
3970.3400  1.163001 -0.001400  0.000076  0.009838 
3970.3477  1.155905 -0.001859 -0.000112  0.007593 
3970.3554  1.150390 -0.001085 -0.001202  0.003247 
3970.3631  1.149927 -0.001331  0.000127 -0.002430 
3970.3708  1.154690 -0.001589 -0.000847 -0.006103 
3970.3785  1.165797 -0.001226 -0.002078 -0.007679 
3970.3862  1.182803 -0.001645 -0.000845 -0.008952 
3970.3939  1.202934 -0.001747 -0.001668 -0.008654 
3970.4016  1.225205 -0.001265 -0.001364 -0.004908 
3970.4093  1.244834 -0.000798 -0.000568 -0.001978 
3970.4170  1.262805 -0.000690 -0.000029  0.001096 
3970.4247  1.276360  0.000125  0.000763  0.003831 
3970.4324  1.287235 -0.000594 -0.000559  0.004286 
3970.4401  1.295700 -0.000658 -0.000066  0.005113 
3970.4478  1.301215 -0.001276  0.000856  0.004387 
3970.4555  1.308407 -0.001107 -0.000365  0.002095 
3970.4632  1.314905 -0.000207 -0.000153  0.000414 
3970.4709  1.324276 -0.000212  0.000351 -0.001768 
3970.4786  1.335074  0.000545 -0.000239 -0.001699 
3970.4863  1.347260 -0.000435 -0.000184 -0.001495 
3970.4940  1.357615 -0.000544 -0.001579  0.000201 
3970.5017  1.368914 -0.001553 -0.000122  0.001391 
3970.5094  1.379327 -0.001507  0.000396  0.001685 
3970.5171  1.387271 -0.000733 -0.000744  0.002415 
3970.5248  1.395582 -0.001884 -0.001097  0.002235 
3970.5325  1.402465  0.000289  0.000237  0.001867 
3970.5402  1.408115 -0.000307 -0.001136  0.001375 
3970.5479  1.415770 -0.001595  0.000285  0.001079 
3970.5556  1.418893 -0.000966 -0.000099  0.000563 
3970.5633  1.423425 -0.001494  0.000202  0.000192 
3970.5710  1.426066 -0.000404  0.000897  0.001602 
3970.5787  1.429595 -0.001185 -0.000100  0.002079 
3970.5864  1.426086 -0.000203 -0.000676  0.002826 
3970.5941  1.422692 -0.000384 -0.000303  0.004300 
3970.6018  1.422094 -0.000119  0.000739  0.002674 
3970.6095  1.417929 -0.000002 -0.000247  0.002846 
3970.6172  1.417023 -0.001116  0.000083  0.000451 
3970.6249  1.415018 -0.000086 -0.000035 -0.000764 
3970.6326  1.414748 -0.000561  0.000327 -0.001643 
3970.6403  1.417602 -0.000729 -0.000647 -0.002019 
3970.6480  1.420340 -0.001186 -0.000714 -0.002213 
3970.6557  1.424447 -0.000866  0.000437 -0.001867 
3970.6634  1.429826 -0.000145 -0.000760 -0.001921 
3970.6711  1.433432 -0.000015 -0.000318 -0.001562 
3970.6788  1.437154  0.000909 -0.000171 -0.000242 
3970.6865  1.440624 -0.001140 -0.001040 -0.000086 
3970.6942  1.442688 -0.000023 -0.000180  0.000513 
3970.7019  1.444751 -0.001018 -0.000135  0.001091 
3970.7096  1.445464  0.000594  0.000183  0.001053 
3970.7173  1.446602  0.000880  0.000278  0.000447 
3970.7250  1.448819 -0.000757 -0.000218  0.000725 
3970.7327  1.448820 -0.000125  0.000143 -0.000123 
3970.7404  1.449282 -0.000029 -0.000604 -0.000256 
3970.7481  1.450420  0.000235 -0.000197  0.000271 
3970.7558  1.449899 -0.000276 -0.000561 -0.000275 
3970.7635  1.449456  0.000126 -0.001077  0.000483 
3970.7712  1.450362  0.000101 -0.000807  0.000722 
3970.7789  1.450227  0.000225  0.000267 -0.000136 
3970.7866  1.449533  0.000301 -0.000043  0.000944 
3970.7943  1.449031  0.000680 -0.000007  0.000590 
3970.8020  1.450555  0.000016 -0.000275  0.000025 
3970.8097  1.449591 -0.000175 -0.000314 -0.000670 
3970.8174  1.449321 -0.000385 -0.000176 -0.000683 
3970.8251  1.450478  0.000053  0.000082 -0.000637 
3970.8328  1.449456  0.000468 -0.000173  0.001663 
3970.8405  1.451191  0.000408 -0.000207  0.000787 
3970.8482  1.449552  0.001124 -0.000470 -0.001263 
3970.8559  1.449475  0.000286 -0.000524 -0.000025 
3970.8636  1.447508 -0.000643 -0.000442 -0.000127 
3970.8713  1.448665  0.000500  0.000372  0.000197 
3970.8790  1.447759  0.000794 -0.000284 -0.000498 
3970.8867  1.447759 -0.000015 -0.000517 -0.000437 
3970.8944  1.446313  0.000470  0.000133  0.001266 
3970.9021  1.442437  0.000422 -0.001072  0.000604 
3970.9098  1.437616 -0.000458 -0.000699  0.001069 
3970.9175  1.431292  0.000582  0.000790  0.001860 
3970.9252  1.423868 -0.000045  0.000258  0.002110 
3970.9329  1.414227  0.000218  0.000051  0.002326 
3970.9406  1.404760 -0.000548  0.000153  0.001815 
3970.9483  1.393788 -0.000130 -0.000504  0.001556 
3970.9560  1.383549  0.000113  0.000217  0.001614 
3970.9637  1.375971  0.000643 -0.000134  0.000486 
3970.9714  1.368625  0.000059 -0.000922  0.000042 
3970.9791  1.365598 -0.000440  0.000300 -0.000419 
3970.9868  1.363400 -0.000903 -0.000192 -0.000637 
3970.9945  1.365347 -0.000290 -0.000519 -0.001289 
312
6300.0073  0.990785  0.000058 -0.000327 -0.000188 
6300.0201  0.990893 -0.000087 -0.000213  0.000096 
6300.0329  0.990823 -0.000205 -0.000094  0.000119 
6300.0457  0.990808  0.000055  0.000084 -0.000175 
6300.0586  0.990846 -0.000129  0.000022 -0.000058 
6300.0714  0.991666 -0.000245  0.000227  0.000265 
6300.0842  0.991295 -0.000184  0.000283  0.000249 
6300.0970  0.991171  0.000138 -0.000196  0.000339 
6300.1098  0.991372  0.000023 -0.000256  0.000306 
6300.1226  0.990754  0.000008  0.000124  0.000557 
6300.1354  0.990499  0.000066 -0.000553  0.000280 
6300.1482  0.989022  0.000144 -0.000214  0.000226 
6300.1610  0.988404  0.000563  0.000103  0.000589 
6300.1738  0.987678  0.000380 -0.000170  0.000178 
6300.1866  0.985475  0.000069  0.000008  0.000488 
6300.1994  0.983397 -0.000002  0.000072  0.001153 
6300.2122  0.981318 -0.000205 -0.000232  0.001200 
6300.2251  0.978482  0.000531  0.000126  0.001215 
6300.2379  0.975012  0.000437  0.000458  0.001141 
6300.2507  0.972848 -0.000239  0.000177  0.001082 
6300.2635  0.969594 -0.000035  0.000037  0.000484 
6300.2763  0.967925  0.000098 -0.000048  0.000030 
6300.2891  0.966959  0.000345 -0.000166 -0.000709 
6300.3019  0.966866 -0.000293 -0.000359 -0.001299 
6300.3147  0.967500 -0.000101 -0.000255 -0.001143 
6300.3275  0.968451  0.000407 -0.000208 -0.001700 
6300.3403  0.970839  0.000030 -0.000101 -0.001830 
6300.3531  0.973644  0.000071 -0.000268 -0.001415 
6300.3659  0.975869  0.000032 -0.000003 -0.001288 
6300.3787  0.977879  0.000105 -0.000101 -0.000477 
6300.3916  0.979455 -0.000371 -0.000596 -0.000589 
6300.4044  0.981557 -0.000093  0.000038 -0.000251 
6300.4172  0.982423 -0.000016 -0.000045 -0.000134 
6300.4300  0.983165  0.000024  0.000119 -0.000268 
6300.4428  0.984533  0.000276  0.000006 -0.000325 
6300.4556  0.985043  0.000600 -0.000045  0.000043 
6300.4684  0.985599  0.000148 -0.000090  0.000255 
6300.4812  0.985707  0.000024 -0.000057 -0.000140 
6300.4940  0.985529  0.000354 -0.000408  0.000189 
6300.5068  0.985421  0.000005 -0.000025  0.000073 
6300.5196  0.984726  0.000260  0.000047 -0.000149 
6300.5324  0.984363  0.000164  0.000167  0.000398 
6300.5453  0.982971  0.000312 -0.000182  0.000901 
6300.5581  0.980545  0.000109  0.000016  0.001416 
6300.5709  0.977268  0.000143  0.000181  0.002071 
6300.5837  0.973729  0.000200 -0.000130  0.002705 
6300.5965  0.969440 -0.000128  0.000069  0.002854 
6300.6093  0.964741 -0.000116 -0.000014  0.002470 
6300.6221  0.960808 -0.000432 -0.000146  0.002235 
6300.6349  0.957910 -0.000656  0.000103  0.001124 
6300.6477  0.956511 -0.000464 -0.000136 -0.000645 
6300.6605  0.956287 -0.000559 -0.000206 -0.002075 
6300.6733  0.957400 -0.000363 -0.000425 -0.002810 
6300.6861  0.959757 -0.000234 -0.000030 -0.003486 
6300.6989  0.962987 -0.000058 -0.000334 -0.003617 
6300.7118  0.966774  0.000438 -0.000063 -0.003330 
6300.7246  0.970398  0.000113 -0.000145 -0.002693 
6300.7374  0.974022  0.000323 -0.000248 -0.001794 
6300.7502  0.976951  0.000595 -0.000187 -0.001239 
6300.7630  0.979432  0.000392 -0.000230 -0.000640 
6300.7758  0.981325  0.000118 -0.000037  0.000094 
6300.7886  0.981944  0.000170 -0.000248  0.000111 
6300.8014  0.983072 -0.000102 -0.000335  0.000077 
6300.8142  0.984224 -0.000149  0.000100 -0.000091 
6300.8270  0.984618 -0.000115 -0.000184 -0.000185 
6300.8398  0.984579  0.000372 -0.000092  0.000071 
6300.8526  0.984811 -0.000422  0.000089  0.000099 
6300.8655  0.984726 -0.000195  0.000018  0.000100 
6300.8783  0.985220 -0.000186  0.000023  0.000128 
6300.8911  0.985228 -0.000122 -0.000236  0.000245 
6300.9039  0.984131  0.000266  0.000287  0.000191 
6300.9167  0.984324  0.000049  0.000332  0.000103 
6300.9295  0.983837  0.000100  0.000140  0.000404 
6300.9423  0.983682 -0.000066  0.000130  0.000071 
6300.9551  0.983203 -0.000110  0.000035  0.000089 
6300.9679  0.982933 -0.000148 -0.000125 -0.000128 
6300.9807  0.982492 -0.000058 -0.000150 -0.000115 
6300.9935  0.982570 -0.000016  0.000091 -0.000221 
6301.0063  0.982717  0.000292  0.000056 -0.000098 
6301.0191  0.982461  0.000011 -0.000019  0.000048 
6301.0320  0.981990  0.000287 -0.000204  0.000010 
6301.0448  0.981233 -0.000011 -0.000058  0.000056 
6301.0576  0.981820  0.000036 -0.000226 -0.000106 
6301.0704  0.981210  0.000036 -0.000369 -0.000077 
6301.0832  0.980800  0.000078  0.000039 -0.000243 
6301.0960  0.980429  0.000114  0.000339 -0.000103 
6301.1088  0.978876  0.000087 -0.000178  0.000049 
6301.1216  0.978342  0.000000 -0.000611  0.000056 
6301.1344  0.977662  0.000148 -0.000090  0.000046 
6301.1472  0.976596  0.000352  0.000121 -0.000236 
6301.1600  0.975120 -0.000123  0.000042  0.000072 
6301.1728  0.973381 -0.000384 -0.000094  0.000453 
6301.1857  0.972137  0.000017  0.000205  0.000276 
6301.1985  0.969958  0.000034  0.000277  0.000251 
6301.2113  0.967539 -0.000160  0.000110  0.000304 
6301.2241  0.964710 -0.000253  0.000212  0.000608 
6301.2369  0.961387  0.000240  0.000004  0.000957 
6301.2497  0.957013  0.000318 -0.000097  0.001084 
6301.2625  0.952229  0.000555  0.000328  0.001418 
6301.2753  0.945375  0.000767  0.000251  0.001614 
6301.2881  0.937044  0.000213  0.000425  0.002592 
6301.3009  0.926619  0.000794  0.000584  0.003510 
6301.3137  0.912044  0.001684  0.000864  0.005295 
6301.3265  0.893056  0.001757  0.001185  0.008816 
6301.3393  0.868079  0.002449  0.001938  0.013139 
6301.3522  0.837121  0.003408  0.002393  0.017724 
6301.3650  0.801240  0.003886  0.003119  0.021679 
6301.3778  0.760853  0.004612  0.004061  0.024268 
6301.3906  0.718349  0.004294  0.003797  0.024593 
6301.4034  0.676425  0.003834  0.003158  0.022233 
6301.4162  0.637684  0.002668  0.002761  0.017582 
6301.4290  0.603936  0.001288  0.002303  0.011867 
6301.4418  0.576486  0.000484  0.001769  0.004950 
6301.4546  0.556146 -0.000089  0.001264 -0.001935 
6301.4674  0.543828 -0.000600  0.000777 -0.007637 
6301.4802  0.539747 -0.000495  0.000688 -0.012399 
6301.4930  0.543503  0.000010  0.000572 -0.016384 
6301.5059  0.555311  0.000825  0.001045 -0.019279 
6301.5187  0.575396  0.002172  0.000924 -0.021832 
6301.5315  0.602259  0.002861  0.000740 -0.022798 
6301.5443  0.633774  0.003873  0.001695 -0.023066 
6301.5571  0.668496  0.004736  0.002236 -0.021606 
6301.5699  0.704153  0.004102  0.001635 -0.019056 
6301.5827  0.739362  0.003324  0.001550 -0.015592 
6301.5955  0.772839  0.003414  0.001278 -0.011780 
6301.6083  0.802762  0.002352  0.000959 -0.007726 
6301.6211  0.829717  0.001804  0.000815 -0.004432 
6301.6339  0.852986  0.001165  0.000652 -0.001113 
6301.6467  0.873319  0.001273  0.000655  0.001436 
6301.6595  0.890382  0.000838  0.000270  0.002801 
6301.6724  0.904779  0.001270  0.000020  0.003701 
6301.6852  0.916874  0.000609  0.000074  0.004275 
6301.6980  0.926789  0.000471  0.000293  0.004578 
6301.7108  0.935120  0.000844 -0.000068  0.005017 
6301.7236  0.941889  0.000055 -0.000296  0.005523 
6301.7364  0.947531  0.000281  0.000006  0.004522 
6301.7492  0.952098 -0.000205 -0.000177  0.003588 
6301.7620  0.955784 -0.000178 -0.000197  0.003056 
6301.7748  0.958682  0.000412 -0.000491  0.002620 
6301.7876  0.960978  0.000105 -0.000533  0.001849 
6301.8004  0.962686 -0.000004 -0.000268  0.001225 
6301.8132  0.963868  0.000200 -0.000336  0.001130 
6301.8261  0.964780  0.000175 -0.000043  0.000049 
6301.8389  0.965485  0.000426  0.000195  0.000021 
6301.8517  0.966316  0.000146  0.000164 -0.000419 
6301.8645  0.966640  0.000151  0.000119 -0.000582 
6301.8773  0.966047  0.000234  0.000342 -0.000474 
6301.8901  0.964955 -0.000145 -0.000223 -0.000540 
6301.9029  0.960709 -0.000240 -0.000770 -0.000643 
6301.9157  0.951772  0.000306  0.000062 -0.000386 
6301.9285  0.926567  0.000332  0.000034 -0.000559 
6301.9413  0.873097 -0.000124 -0.000481 -0.000661 
6301.9541  0.817649 -0.000074 -0.000445 -0.000401 
6301.9669  0.788902 -0.000099 -0.000092 -0.000261 
6301.9797  0.782053 -0.000076  0.000021 -0.000412 
6301.9926  0.787731 -0.000198 -0.000251 -0.000372 
6302.0054  0.814241 -0.000131  0.000040 -0.000334 
6302.0182  0.868597  0.000361  0.000411 -0.000485 
6302.0310  0.920256 -0.000000 -0.000126  0.000015 
6302.0438  0.949344  0.000152 -0.000255  0.000113 
6302.0566  0.962543  0.000100  0.000114 -0.000136 
6302.0694  0.969179  0.000049 -0.000095 -0.000260 
6302.0822  0.972390  0.000081 -0.000544 -0.000273 
6302.0950  0.974209 -0.000217 -0.000368 -0.000686 
6302.1078  0.975529 -0.000122 -0.000346 -0.000546 
6302.1206  0.976289 -0.000088 -0.000450 -0.000546 
6302.1334  0.976961  0.000229 -0.000351 -0.000467 
6302.1462  0.976755 -0.000055 -0.000144 -0.000168 
6302.1591  0.977150  0.000203  0.000204 -0.000573 
6302.1719  0.977222  0.000123 -0.000176 -0.000353 
6302.1847  0.977190 -0.000114 -0.000524  0.000217 
6302.1975  0.977095  0.000275  0.000219 -0.000081 
6302.2103  0.976202  0.000027 -0.000193  0.000044 
6302.2231  0.975743  0.000021 -0.000017 -0.000180 
6302.2359  0.974912  0.000243  0.000299  0.000464 
6302.2487  0.973283  0.000006 -0.000083  0.000895 
6302.2615  0.971227  0.000403  0.000558  0.000683 
6302.2743  0.967684  0.000592  0.000619  0.001110 
6302.2871  0.962875  0.000882  0.000688  0.002665 
6302.2999  0.955663  0.001878  0.001378  0.004675 
6302.3128  0.944456  0.002836  0.001774  0.008351 
6302.3256  0.928829  0.004125  0.002315  0.012844 
6302.3384  0.908725  0.006036  0.003308  0.018441 
6302.3512  0.882809  0.008041  0.004504  0.024607 
6302.3640  0.852265  0.009299  0.005301  0.029418 
6302.3768  0.818163  0.009468  0.005716  0.031666 
6302.3896  0.782408  0.008018  0.006133  0.031371 
6302.4024  0.747184  0.005521  0.006274  0.028031 
6302.4152  0.714600  0.001223  0.006607  0.021558 
6302.4280  0.686762 -0.003936  0.006677  0.013665 
6302.4408  0.664515 -0.008468  0.006895  0.005914 
6302.4536  0.648808 -0.011637  0.006972 -0.001877 
6302.4664  0.641073 -0.012272  0.006195 -0.009529 
6302.4793  0.640955 -0.010300  0.005333 -0.016533 
6302.4921  0.648389 -0.007168  0.004850 -0.022264 
6302.5049  0.663146 -0.002809  0.004181 -0.027387 
6302.5177  0.685140  0.001795  0.003640 -0.030570 
6302.5305  0.711658  0.005151  0.003087 -0.031304 
6302.5433  0.741695  0.007657  0.003067 -0.030124 
6302.5561  0.772365  0.008179  0.003201 -0.026671 
6302.5689  0.802576  0.008131  0.002370 -0.021932 
6302.5817  0.831331  0.006887  0.001995 -0.017085 
6302.5945  0.857256  0.005889  0.001573 -0.011338 
6302.6073  0.879851  0.004951  0.001450 -0.006276 
6302.6201  0.898839  0.003290  0.000863 -0.002424 
6302.6330  0.914071  0.001833  0.000325  0.000569 
6302.6458  0.925025  0.001292  0.000159  0.003126 
6302.6586  0.932166  0.000895  0.000067  0.003340 
6302.6714  0.933448  0.000807  0.000062  0.003582 
6302.6842  0.925658  0.000899  0.000141  0.003945 
6302.6970  0.893477  0.001029  0.000436  0.003061 
6302.7098  0.834004  0.000678 -0.000254  0.003306 
6302.7226  0.784710  0.000335 -0.000215  0.002831 
6302.7354  0.764377  0.000295 -0.000138  0.001807 
6302.7482  0.763689  0.000336 -0.000021  0.001503 
6302.7610  0.775931  0.000163  0.000078  0.001154 
6302.7738  0.815032 -0.000060 -0.000086  0.001080 
6302.7866  0.877264  0.000083 -0.000019  0.000744 
6302.7995  0.926456 -0.000516 -0.000288  0.000351 
6302.8123  0.952278 -0.000105  0.000025  0.000170 
6302.8251  0.964354  0.000288  0.000215 -0.000212 
6302.8379  0.970507  0.000028 -0.000182  0.000263 
6302.8507  0.973987  0.000003 -0.000407 -0.000264 
6302.8635  0.975949 -0.000280  0.000094 -0.000689 
6302.8763  0.977601  0.000146  0.000257 -0.000300 
6302.8891  0.978930  0.000368 -0.000150 -0.000307 
6302.9019  0.979705 -0.000186 -0.000115 -0.000403 
6302.9147  0.980306 -0.000048  0.000146 -0.000724 
6302.9275  0.981184 -0.000046  0.000048 -0.000262 
6302.9403  0.981540  0.000067 -0.000146 -0.000301 
6302.9532  0.982086 -0.000062 -0.000064 -0.000233 
6302.9660  0.982718  0.000064 -0.000039 -0.000228 
6302.9788  0.982987  0.000131 -0.000273 -0.000041 
6302.9916  0.983003 -0.000120 -0.000184 -0.000233 
6303.0044  0.983208  0.000091 -0.000122 -0.000638 
6303.0172  0.983620  0.000073  0.000086 -0.000317 
6303.0300  0.983572  0.000152  0.000088 -0.000260 
6303.0428  0.983359 -0.000030  0.000275 -0.000208 
6303.0556  0.984142 -0.000160 -0.000090  0.000051 
6303.0684  0.984292 -0.000213  0.000121 -0.000174 
6303.0812  0.984442  0.000023  0.000352 -0.000269 
6303.0940  0.984466 -0.000041 -0.000091 -0.000043 
6303.1068  0.984150 -0.000097 -0.000214 -0.000403 
6303.1197  0.984173  0.000300  0.000243 -0.000172 
6303.1325  0.984656  0.000325  0.000472 -0.000166 
6303.1453  0.984893 -0.000215 -0.000246 -0.000013 
6303.1581  0.984672 -0.000622 -0.000192  0.000044 
6303.1709  0.984545 -0.000049 -0.000080 -0.000164 
6303.1837  0.984577  0.000172 -0.000420 -0.000079 
6303.1965  0.984427  0.000147  0.000012 -0.000225 
6303.2093  0.984268  0.000193  0.000639 -0.000743 
6303.2221  0.984569  0.000386  0.000038 -0.000213 
6303.2349  0.984355 -0.000013 -0.000178  0.000031 
6303.2477  0.984063 -0.000402 -0.000011 -0.000414 
6303.2605  0.984221 -0.000099 -0.000036 -0.000476 
6303.2734  0.983335 -0.000370 -0.000249  0.000507 
6303.2862  0.982797 -0.000348 -0.000400 -0.000039 
6303.2990  0.982789 -0.000050 -0.000436 -0.000360 
6303.3118  0.981666 -0.000268 -0.000482 -0.000105 
6303.3246  0.980947 -0.000191 -0.000113  0.000280 
6303.3374  0.979745  0.000501 -0.000125  0.000699 
6303.3502  0.977641  0.000504  0.000162  0.000594 
6303.3630  0.975205  0.000562  0.000168  0.000473 
6303.3758  0.972666  0.000403  0.000556  0.001242 
6303.3886  0.969321 -0.000157 -0.000024  0.001009 
6303.4014  0.966711 -0.000058 -0.000197  0.000860 
6303.4142  0.964853 -0.000515  0.000271  0.000467 
6303.4270  0.963255 -0.000767  0.000073 -0.000281 
6303.4399  0.962614 -0.000361 -0.000395 -0.000585 
6303.4527  0.964244 -0.000237 -0.000440 -0.001488 
6303.4655  0.965754  0.000003 -0.000202 -0.001895 
6303.4783  0.968103  0.000102 -0.000078 -0.002026 
6303.4911  0.970610  0.000612 -0.000043 -0.001526 
6303.5039  0.973062 -0.000036 -0.000279 -0.001257 
6303.5167  0.975680  0.000103  0.000338 -0.001106 
6303.5295  0.977348  0.000722  0.000063 -0.000876 
6303.5423  0.979507  0.000268 -0.000007 -0.000527 
6303.5551  0.980622  0.000133 -0.000061  0.000510 
6303.5679  0.981397 -0.000405 -0.000111 -0.000201 
6303.5807  0.982196  0.000016  0.000090 -0.000505 
6303.5936  0.982876  0.000379  0.000215  0.000307 
6303.6064  0.982236 -0.000028 -0.000039 -0.000002 
6303.6192  0.981311  0.000083 -0.000096 -0.000125 
6303.6320  0.979515  0.000154 -0.000190  0.000137 
6303.6448  0.977064  0.000172  0.000108  0.000427 
6303.6576  0.973299  0.000139  0.000126  0.000617 
6303.6704  0.969487 -0.000196  0.000190  0.001173 
6303.6832  0.965145 -0.000382  0.000176  0.001132 
6303.6960  0.960455 -0.000263 -0.000117  0.000866 
6303.7088  0.957023 -0.000072  0.000050  0.000576 
6303.7216  0.953970 -0.000294 -0.000071 -0.000114 
6303.7344  0.953733 -0.000312 -0.000432 -0.000429 
6303.7472  0.954785  0.000338 -0.000148 -0.000977 
6303.7601  0.956588  0.000109  0.000163 -0.001079 
6303.7729  0.959293 -0.000288 -0.000048 -0.001273 
6303.7857  0.963216 -0.000012 -0.000290 -0.001828 
6303.7985  0.966790  0.000390 -0.000032 -0.001430 
6303.8113  0.970278  0.000216  0.000608 -0.000677 
6303.8241  0.973726  0.000275  0.000504 -0.000318 
6303.8369  0.976463  0.000164 -0.000032 -0.000292 
6303.8497  0.979104  0.000309 -0.000123 -0.000006 
6303.8625  0.980646 -0.000050 -0.000375  0.000365 
6303.8753  0.981904 -0.000210  0.000019  0.000089 
6303.8881  0.982971  0.000094 -0.000071  0.000145 
6303.9009  0.983375 -0.000141 -0.000522  0.000528 
6303.9137  0.984126  0.000452  0.000187  0.000342 
6303.9266  0.984450  0.000338  0.000294 -0.000024 
6303.9394  0.983952 -0.000218  0.000072  0.000163 
6303.9522  0.983810 -0.000046 -0.000161  0.000000 
6303.9650  0.984221 -0.000054 -0.000364  0.000051 
6303.9778  0.984616 -0.000003 -0.000043  0.000367 
6303.9906  0.984363  0.000223  0.000099 -0.000128 
319
8539.0092  0.859276 -0.000026 -0.000688 -0.000044 
8539.0281  0.857872  0.000003 -0.000322 -0.000178 
8539.0469  0.857123  0.000406  0.000144 -0.000108 
8539.0657  0.856650  0.000385  0.000088 -0.000011 
8539.0845  0.855401 -0.000339  0.000578 -0.000030 
8539.1033  0.854143 -0.000568  0.000146  0.000400 
8539.1222  0.853385 -0.000067 -0.000041  0.000338 
8539.1410  0.852128  0.000176 -0.000058 -0.000077 
8539.1598  0.850526  0.000504 -0.000633 -0.000853 
8539.1786  0.848855  0.000284  0.000291 -0.000371 
8539.1974  0.848097  0.000238  0.000023 -0.000274 
8539.2163  0.848071 -0.000008 -0.000134 -0.000222 
8539.2351  0.847434 -0.000375 -0.000015 -0.000222 
8539.2539  0.845927 -0.000738 -0.000282 -0.000531 
8539.2727  0.844178 -0.000249 -0.000150 -0.000049 
8539.2915  0.842723  0.000418 -0.000296 -0.000253 
8539.3104  0.841422  0.000472 -0.000696  0.000160 
8539.3292  0.839708  0.000009 -0.000493  0.000334 
8539.3480  0.839476 -0.000015  0.000001 -0.000432 
8539.3668  0.838761  0.000098  0.000032  0.000122 
8539.3856  0.838425 -0.000080 -0.000240  0.000175 
8539.4045  0.837185 -0.000298 -0.000254 -0.000971 
8539.4233  0.836849 -0.000349 -0.000121 -0.000513 
8539.4421  0.836970 -0.000156 -0.000003 -0.000953 
8539.4609  0.836651 -0.000720 -0.000581 -0.000628 
8539.4797  0.836237 -0.000490 -0.000084 -0.000760 
8539.4986  0.834119  0.000411 -0.000015 -0.000630 
8539.5174  0.833904 -0.000585 -0.000430 -0.000146 
8539.5362  0.833697 -0.000769 -0.000150 -0.000067 
8539.5550  0.833370  0.000075  0.000443  0.000249 
8539.5738  0.831630 -0.000175 -0.000332  0.000151 
8539.5927  0.830536  0.000020 -0.000871 -0.000352 
8539.6115  0.830329 -0.000067 -0.000538 -0.000167 
8539.6303  0.829434  0.000327  0.000206 -0.000264 
8539.6491  0.829115 -0.000214  0.000253  0.000087 
8539.6679  0.827651 -0.000349 -0.000154  0.000121 
8539.6868  0.827255 -0.000312  0.000365 -0.000011 
8539.7056  0.826557  0.000186 -0.000198  0.000059 
8539.7244  0.825144 -0.000336 -0.000433 -0.000761 
8539.7432  0.824326 -0.000469  0.000027  0.000013 
8539.7620  0.823215  0.000127 -0.000508  0.000240 
8539.7809  0.822328 -0.000053 -0.000655 -0.000376 
8539.7997  0.820692  0.000153  0.000369 -0.000554 
8539.8185  0.819021  0.000428  0.000340  0.000430 
8539.8373  0.817746 -0.000106 -0.000628 -0.000178 
8539.8561  0.817117 -0.000016 -0.000185 -0.000276 
8539.8750  0.815309  0.000515 -0.000010 -0.000066 
8539.8938  0.814292 -0.000001 -0.000492  0.000135 
8539.9126  0.815025 -0.000759 -0.000599 -0.000057 
8539.9314  0.813836 -0.000684 -0.000139 -0.000094 
8539.9502  0.813759 -0.000265  0.000226 -0.000006 
8539.9691  0.814112  0.000455 -0.000252 -0.000577 
8539.9879  0.812475  0.000472 -0.000500  0.000037 
8540.0067  0.812871  0.000503 -0.000557 -0.000332 
8540.0255  0.812355 -0.000354 -0.000896 -0.000104 
8540.0443  0.811846 -0.000305 -0.000200 -0.000298 
8540.0632  0.811020  0.000173  0.000160 -0.000580 
8540.0820  0.809891  0.000167 -0.000137 -0.000246 
8540.1008  0.809220 -0.000316  0.000531 -0.000713 
8540.1196  0.808625 -0.000225  0.000244 -0.000441 
8540.1384  0.808065  0.000522 -0.000422  0.000174 
8540.1573  0.807962  0.000152 -0.000388 -0.000248 
8540.1761  0.807661 -0.000220 -0.000226 -0.000653 
8540.1949  0.807540  0.000087 -0.000262 -0.000451 
8540.2137  0.807488  0.000038 -0.000374 -0.000988 
8540.2325  0.806903  0.000202 -0.000170 -0.000073 
8540.2514  0.807299  0.000164 -0.000441 -0.000169 
8540.2702  0.806705 -0.000347 -0.000441  0.000226 
8540.2890  0.806076 -0.000098 -0.000080  0.000270 
8540.3078  0.806197  0.000081  0.000042 -0.000813 
8540.3266  0.804879  0.000104 -0.000076 -0.000902 
8540.3455  0.804181  0.000045 -0.000280 -0.000436 
8540.3643  0.804371 -0.000362 -0.000588  0.000075 
8540.3831  0.804801 -0.000039 -0.000435  0.000005 
8540.4019  0.804552 -0.000153 -0.000409 -0.000154 
8540.4207  0.804775 -0.000097 -0.000260 -0.000734 
8540.4396  0.804853  0.000262 -0.000401 -0.000479 
8540.4584  0.805930 -0.000212 -0.000502 -0.000249 
8540.4772  0.806464  0.000412 -0.000297  0.000086 
8540.4960  0.805465  0.000451 -0.000056 -0.000821 
8540.5148  0.805559  0.000099  0.000236 -0.000592 
8540.5337  0.806369  0.000303 -0.000257 -0.000636 
8540.5525  0.806515  0.000487 -0.000505 -0.001031 
8540.5713  0.807351  0.000606 -0.000201 -0.000344 
8540.5901  0.807557  0.000173 -0.000457 -0.000898 
8540.6089  0.808341  0.000238 -0.000510 -0.000519 
8540.6278  0.810529  0.000116 -0.000794 -0.000385 
8540.6466  0.810623  0.000163 -0.000626 -0.000992 
8540.6654  0.810787  0.000227 -0.000031 -0.000895 
8540.6842  0.811743  0.000222 -0.000137 -0.000313 
8540.7030  0.811106  0.000015 -0.000504 -0.000851 
8540.7219  0.812415  0.000195  0.000121 -0.000876 
8540.7407  0.811002 -0.000431  0.000269 -0.000657 
8540.7595  0.809271  0.000277  0.000143 -0.000483 
8540.7783  0.810055  0.000390 -0.000584 -0.000552 
8540.7971  0.810873 -0.000503 -0.000648 -0.000507 
8540.8160  0.812303 -0.000235 -0.000388 -0.000471 
8540.8348  0.814508 -0.000486 -0.000731 -0.000856 
8540.8536  0.816902 -0.000007 -0.000188 -0.001223 
8540.8724  0.819055  0.000170 -0.000127 -0.000200 
8540.8912  0.821036 -0.000222 -0.000004  0.000075 
8540.9101  0.823878  0.000017 -0.000272 -0.000336 
8540.9289  0.826367  0.000111 -0.000336  0.000071 
8540.9477  0.827444  0.000101 -0.000539 -0.000904 
8540.9665  0.828348 -0.000456 -0.000970 -0.000481 
8540.9853  0.828271 -0.000562 -0.000713 -0.000296 
8541.0042  0.828848  0.000302 -0.000397 -0.000437 
8541.0230  0.829778  0.000166 -0.000093 -0.000022 
8541.0418  0.830045  0.000080 -0.000543 -0.000585 
8541.0606  0.830691 -0.000303 -0.000580 -0.000153 
8541.0794  0.831544 -0.000473 -0.000497 -0.000803 
8541.0983  0.832284  0.000242 -0.000257 -0.000477 
8541.1171  0.832973  0.000866 -0.000644 -0.000309 
8541.1359  0.835557  0.000056 -0.000165 -0.000421 
8541.1547  0.835290  0.000346 -0.000189 -0.000492 
8541.1735  0.835962  0.000550 -0.000738 -0.000711 
8541.1924  0.837538  0.000201 -0.000794 -0.000208 
8541.2112  0.839192  0.000217 -0.000410 -0.000796 
8541.2300  0.839605 -0.000639 -0.000526 -0.000830 
8541.2488  0.840251 -0.000447 -0.000290  0.000446 
8541.2676  0.841388 -0.000565 -0.000736  0.000377 
8541.2865  0.842783 -0.000827 -0.000772 -0.000123 
8541.3053  0.843515 -0.000055 -0.000333 -0.000571 
8541.3241  0.844101 -0.000139 -0.000164 -0.000078 
8541.3429  0.844721 -0.000121 -0.000411  0.000143 
8541.3617  0.845203  0.000858 -0.000847 -0.000059 
8541.3806  0.845763 -0.000089 -0.000370  0.000329 
8541.3994  0.845608 -0.000068 -0.000712 -0.000604 
8541.4182  0.846685  0.000231 -0.000461 -0.000735 
8541.4370  0.847270 -0.000350 -0.000453 -0.000453 
8541.4558  0.846815  0.000371 -0.000599 -0.000069 
8541.4747  0.847303  0.000363 -0.000193 -0.000087 
8541.4935  0.846949  0.000193 -0.000902  0.000129 
8541.5123  0.847396 -0.000138 -0.001343 -0.000970 
8541.5311  0.846764 -0.000081 -0.000892 -0.001142 
8541.5499  0.845484  0.000159 -0.000535 -0.000665 
8541.5688  0.844642  0.000444 -0.000285 -0.000729 
8541.5876  0.842216 -0.000090 -0.000380 -0.000191 
8541.6064  0.839749 -0.000187 -0.000608  0.000050 
8541.6252  0.835656  0.000508 -0.000032 -0.001179 
8541.6440  0.829811  0.000667  0.000362 -0.001338 
8541.6629  0.821810  0.000195  0.000430 -0.000589 
8541.6817  0.811140  0.000085 -0.000091 -0.001203 
8541.7005  0.797985  0.000294  0.000228 -0.001071 
8541.7193  0.781192  0.000726  0.000436 -0.000826 
8541.7381  0.760315  0.000070  0.000477 -0.000657 
8541.7570  0.736566 -0.000338  0.000483 -0.000905 
8541.7758  0.707772 -0.000175  0.000954 -0.001203 
8541.7946  0.674573  0.000111  0.001164 -0.000054 
8541.8134  0.638309 -0.000176  0.001394 -0.000531 
8541.8322  0.599047 -0.000138  0.001116 -0.000812 
8541.8511  0.560627  0.000235  0.000868 -0.000299 
8541.8699  0.521912 -0.000495  0.001483  0.000124 
8541.8887  0.485429 -0.000054  0.001147  0.000305 
8541.9075  0.453561  0.000130  0.000872  0.000500 
8541.9263  0.424767 -0.000137  0.000758  0.000021 
8541.9452  0.401094 -0.000146  0.000446  0.000440 
8541.9640  0.382069 -0.000126  0.000513  0.000539 
8541.9828  0.368350  0.000233  0.000272 -0.000051 
8542.0016  0.358219 -0.000278 -0.000180  0.000444 
8542.0204  0.352324 -0.000216  0.000076  0.000529 
8542.0393  0.349907  0.000053  0.000035  0.000707 
8542.0581  0.350488  0.000028 -0.000425  0.000698 
8542.0769  0.354050  0.000095 -0.000296  0.000305 
8542.0957  0.359886 -0.000180 -0.000595  0.000455 
8542.1145  0.368316 -0.000643 -0.000534  0.000589 
8542.1334  0.379071 -0.000296  0.000389  0.000437 
8542.1522  0.391830 -0.000429  0.000083  0.000333 
8542.1710  0.406686 -0.000113 -0.000293 -0.000185 
8542.1898  0.423630 -0.000043  0.000025 -0.000150 
8542.2086  0.442908 -0.000655  0.000047  0.000148 
8542.2275  0.464291 -0.000533  0.000042 -0.000300 
8542.2463  0.487139 -0.000792 -0.000213 -0.001423 
8542.2651  0.513095 -0.000692  0.000184 -0.001921 
8542.2839  0.539606 -0.000541 -0.000005 -0.002697 
8542.3027  0.564619 -0.000921  0.000139 -0.003475 
8542.3216  0.589876 -0.000188 -0.000028 -0.003271 
8542.3404  0.612943 -0.000144  0.000008 -0.003762 
8542.3592  0.635311 -0.000457  0.000403 -0.004056 
8542.3780  0.652862 -0.000497 -0.000450 -0.003787 
8542.3968  0.664728  0.000000 -0.000591 -0.003622 
8542.4157  0.674598 -0.000377 -0.000302 -0.002684 
8542.4345  0.680940  0.000197 -0.000100 -0.002038 
8542.4533  0.686044  0.000136 -0.000250 -0.001078 
8542.4721  0.690431 -0.000437 -0.000493  0.001081 
8542.4909  0.693480  0.000027  0.000232  0.001922 
8542.5098  0.698263  0.000172 -0.000051  0.003820 
8542.5286  0.703578 -0.000049 -0.000098  0.005402 
8542.5474  0.710534  0.000102  0.000024  0.007491 
8542.5662  0.719680  0.000003 -0.000320  0.008924 
8542.5850  0.728371 -0.000134 -0.000131  0.010023 
8542.6039  0.738738 -0.000045  0.000541  0.010295 
8542.6227  0.748196 -0.000125  0.000449  0.010078 
8542.6415  0.757451  0.000450 -0.000181  0.009817 
8542.6603  0.768164  0.000545 -0.000068  0.008764 
8542.6791  0.775255  0.000944  0.000827  0.007671 
8542.6980  0.781630  0.001150  0.000852  0.006028 
8542.7168  0.787568  0.000050  0.000845  0.004493 
8542.7356  0.790305  0.000084  0.000563  0.002530 
8542.7544  0.792595  0.000353  0.000126  0.001613 
8542.7732  0.793875  0.000248  0.000330  0.001615 
8542.7921  0.794297  0.000496  0.000229  0.000741 
8542.8109  0.794802 -0.000034  0.000368  0.000588 
8542.8297  0.795341  0.000479  0.000176  0.000291 
8542.8485  0.795181  0.000073  0.000085 -0.001205 
8542.8673  0.793800 -0.000288  0.000545 -0.000666 
8542.8862  0.792107  0.000504  0.000255 -0.000433 
8542.9050  0.793320 -0.000111 -0.000183 -0.000999 
8542.9238  0.791551  0.000179 -0.000133 -0.000208 
8542.9426  0.790498  0.000173 -0.000308 -0.000380 
8542.9614  0.790928  0.000016 -0.000370 -0.001083 
8542.9803  0.789311 -0.000110  0.000437 -0.000967 
8542.9991  0.788444  0.000212  0.000606 -0.001410 
8543.0179  0.788662  0.000390 -0.000259 -0.001581 
8543.0367  0.788713  0.000061  0.000430 -0.001292 
8543.0555  0.788443  0.000366  0.000129 -0.001211 
8543.0744  0.786523  0.000119  0.000176 -0.001213 
8543.0932  0.785277  0.000398 -0.000176 -0.001286 
8543.1120  0.785951  0.000583 -0.000205 -0.001141 
8543.1308  0.784544  0.000604  0.000349 -0.001179 
8543.1496  0.783660  0.000582 -0.000296 -0.001071 
8543.1685  0.783896  0.000283  0.000077 -0.001152 
8543.1873  0.782759  0.000385 -0.000618 -0.001622 
8543.2061  0.783525  0.000397 -0.000362 -0.000747 
8543.2249  0.782220  0.001030 -0.000034 -0.001253 
8543.2437  0.782270  0.000821 -0.000569 -0.000937 
8543.2626  0.782119  0.000089 -0.000255 -0.000577 
8543.2814  0.780535  0.000994  0.000283 -0.000840 
8543.3002  0.781672  0.000580 -0.000030 -0.000983 
8543.3190  0.782725  0.000179 -0.000064 -0.001648 
8543.3378  0.782447  0.000295  0.000104 -0.001117 
8543.3567  0.781386  0.000666 -0.000473 -0.001217 
8543.3755  0.781293  0.000290 -0.000409 -0.001352 
8543.3943  0.782152 -0.000113 -0.000146 -0.001604 
8543.4131  0.782590  0.000497  0.000073 -0.000567 
8543.4319  0.782161  0.001045 -0.000377 -0.000792 
8543.4508  0.782885  0.000475 -0.000287 -0.001197 
8543.4696  0.783323  0.000015  0.000009 -0.001449 
8543.4884  0.783062 -0.000657 -0.000284 -0.001008 
8543.5072  0.783070 -0.000417  0.000444 -0.000611 
8543.5260  0.783795 -0.000264 -0.000021 -0.001070 
8543.5449  0.784763  0.000074 -0.000382 -0.001493 
8543.5637  0.785243  0.000166  0.000273 -0.001339 
8543.5825  0.785336  0.000254  0.000264 -0.000861 
8543.6013  0.784216 -0.000210 -0.000091 -0.000781 
8543.6201  0.784527 -0.000048  0.000410 -0.000258 
8543.6390  0.786313  0.000587 -0.000685 -0.000914 
8543.6578  0.785917  0.000050 -0.000386 -0.001212 
8543.6766  0.786725  0.000349 -0.000168 -0.001076 
8543.6954  0.788157  0.000128 -0.000040 -0.000903 
8543.7142  0.788536 -0.000059  0.000066 -0.001029 
8543.7331  0.789008 -0.000494 -0.000157 -0.000920 
8543.7519  0.790178  0.000568 -0.000558 -0.001045 
8543.7707  0.791004  0.000572  0.000005 -0.000828 
8543.7895  0.791795  0.000459  0.000219 -0.000719 
8543.8083  0.792402  0.000015  0.000057 -0.001187 
8543.8272  0.792764  0.000063  0.000265 -0.000763 
8543.8460  0.794642  0.000889 -0.000206 -0.000581 
8543.8648  0.796208  0.000438  0.000191 -0.000065 
8543.8836  0.795728  0.000218 -0.000082 -0.000454 
8543.9024  0.795981 -0.000176  0.000150 -0.001057 
8543.9213  0.797261  0.000300  0.000192 -0.000695 
8543.9401  0.797724  0.000528 -0.000383 -0.000370 
8543.9589  0.798979  0.000160  0.000412 -0.000558 
8543.9777  0.799131  0.000013  0.000639 -0.000729 
8543.9965  0.800343 -0.000250 -0.000075 -0.000395 
8544.0154  0.801809 -0.000240 -0.000438 -0.000375 
8544.0342  0.802988 -0.000323 -0.000242 -0.000302 
8544.0530  0.802861  0.000760  0.000122 -0.000005 
8544.0718  0.803257  0.000035 -0.000340 -0.000238 
8544.0906  0.805169 -0.000256  0.000162 -0.000940 
8544.1095  0.804748  0.000066  0.000919 -0.000471 
8544.1283  0.805708 -0.000071  0.000591  0.000395 
8544.1471  0.807039 -0.000021  0.000011 -0.000757 
8544.1659  0.806954 -0.000251  0.000239 -0.000748 
8544.1847  0.807325 -0.000163  0.000609 -0.000514 
8544.2036  0.806820  0.000089 -0.000219 -0.000793 
8544.2224  0.808386 -0.000589 -0.000565 -0.000080 
8544.2412  0.810020 -0.000298 -0.000881 -0.000808 
8544.2600  0.809894 -0.000161 -0.000037 -0.000114 
8544.2788  0.811376 -0.000126 -0.000046 -0.000581 
8544.2977  0.813229  0.000339 -0.000318 -0.001210 
8544.3165  0.813616  0.000141  0.000284 -0.000192 
8544.3353  0.815006  0.000736  0.000004 -0.000515 
8544.3541  0.815932  0.000067  0.000292 -0.000586 
8544.3729  0.817330  0.000211  0.000091 -0.000954 
8544.3918  0.818357  0.000579 -0.000434 -0.000115 
8544.4106  0.820143  0.000257 -0.000195 -0.000176 
8544.4294  0.821086  0.000085 -0.000220 -0.000265 
8544.4482  0.821996  0.000232 -0.000732 -0.000372 
8544.4670  0.823166  0.000273 -0.000656 -0.000578 
8544.4859  0.824126  0.000317 -0.000004 -0.000740 
8544.5047  0.825289  0.000324 -0.000380 -0.000405 
8544.5235  0.826055 -0.000144 -0.000302 -0.000440 
8544.5423  0.826821  0.000087 -0.000029 -0.000115 
8544.5611  0.827655 -0.000132 -0.000157  0.000147 
8544.5800  0.829811  0.000235 -0.000344 -0.000040 
8544.5988  0.829449 -0.000258  0.000417 -0.000896 
8544.6176  0.830830 -0.000296 -0.000256 -0.000354 
8544.6364  0.831933  0.000382 -0.000236  0.000071 
8544.6552  0.832397  0.000235  0.000231 -0.000929 
8544.6741  0.834637 -0.000214 -0.000137 -0.000431 
8544.6929  0.835007  0.000041  0.000575  0.000146 
8544.7117  0.835563  0.000492  0.000462 -0.000286 
8544.7305  0.837071 -0.000616  0.000427 -0.000798 
8544.7493  0.838216  0.000077  0.000920 -0.000256 
8544.7682  0.838376  0.000465  0.000215  0.000384 
8544.7870  0.839673 -0.000411 -0.001132  0.000457 
8544.8058  0.840212 -0.000071 -0.000739 -0.000831 
8544.8246  0.840650  0.000533 -0.000503 -0.000939 
8544.8434  0.841871 -0.000046 -0.000136 -0.000144 
8544.8623  0.843505  0.000234 -0.000048 -0.000792 
8544.8811  0.844254 -0.000016  0.000218 -0.000647 
8544.8999  0.845046  0.000046  0.000122  0.000264 
8544.9187  0.846292  0.000558  0.000040  0.000879 
8544.9375  0.846831 -0.000034  0.000359  0.000041 
8544.9564  0.847909 -0.000557  0.000393 -0.000291 
8544.9752  0.849080  0.000219  0.000211  0.000061 
8544.9940  0.848659  0.000053 -0.000438  0.000178 
